1 0.0019754 0.000632127
2 0.00510623 0.00477197
3 0.00563768 0.00181121
4 0.00544984 0.0017511
5 0.00544984 0.0017511
6 0.00544984 0.0017511
7 0.00544984 0.0017511
8 0.00544984 0.0017511
9 0.00545112 0.00176042
10 0.00545369 0.00175996
11 0.00529116 0.00170795
12 0.00468474 0.0015139
13 0.00243649 0.000794456
14 -0.0150933 -0.0223659
15 -0.406963 -0.130235
16 -0.402555 -0.128824
17 -0.402555 -0.128824
18 -0.40277 -0.128893
19 -0.402948 -0.12895
20 -0.403116 -0.129004
21 -0.403116 -0.129004
22 -0.403298 -0.129062
23 -0.403455 -0.129112
24 -0.403599 -0.129866
25 -0.403746 -0.12977
26 0.00232903 0.000173902
27 -0.419371 -0.13477
28 -0.969108 -0.310686
29 0.00268783 0.000288718
30 -0.404348 -0.129963
31 -0.40449 -0.130008
32 -0.404645 -0.130058
33 -0.404645 -0.130058
34 -0.403789 -0.129784
35 -0.404995 -0.13017
36 -0.968112 -0.310367
37 0.00311557 0.000425594
38 -0.405308 -0.13027
39 -0.444692 -0.142873
40 -0.370599 -0.119163
41 -0.396564 -0.127472
42 -0.405203 -0.130236
43 -0.406111 -0.130527
44 -0.944731 -0.302885
45 0.00391781 0.000682311
46 -0.390091 -0.125401
47 -0.389303 -0.125148
48 -0.389243 -0.125129
49 -0.372438 -0.119752
50 -0.390084 -0.125398
51 -0.390601 -0.125564
52 -0.942719 -0.302241
53 0.00529343 0.00112251
54 -0.390844 -0.125642
55 -0.389371 -0.12517
56 -0.389853 -0.125324
57 -0.364117 -0.117089
58 -0.391133 -0.125734
59 -0.391469 -0.125842
60 -0.940633 -0.301574
61 0.00734203 0.00177806
62 -0.408254 -0.131213
63 -0.405808 -0.13043
64 -0.407142 -0.130857
65 -0.370927 -0.119268
66 -0.40753 -0.130981
67 -0.422112 -0.135647
68 -0.968449 -0.310475
69 0.0072528 0.00174951
70 -0.42758 -0.137397
71 -0.405828 -0.130436
72 -0.407484 -0.130966
73 -0.362213 -0.11648
74 -0.409831 -0.131717
75 -0.409816 -0.132272
76 -0.934903 -0.300314
77 0.0134732 0.0031663
78 -0.371563 -0.120045
79 -0.363866 -0.117582
80 -0.367477 -0.118738
81 -0.319036 -0.103237
82 -0.410791 -0.132598
83 -0.410568 -0.132527
84 -0.956606 -0.307259
85 0.0188335 0.0048816
86 -0.410889 -0.132629
87 -0.405981 -0.131059
88 -0.410327 -0.13245
89 -0.344092 -0.111255
90 -0.411746 -0.132904
91 -0.411491 -0.132822
92 -0.954545 -0.306599
93 0.0239047 0.00650436
94 -0.41181 -0.132924
95 -0.406388 -0.131189
96 -0.411546 -0.13284
97 -0.334847 -0.108296
98 0.00232903 -0.000399841
99 -0.412384 -0.133108
100 -0.953181 -0.306163
101 0.0195939 0.00512492
102 -0.412708 -0.133212
103 -0.407044 -0.131399
104 -0.412703 -0.13321
105 -0.325526 -0.105313
106 -0.41373 -0.133539
107 -0.413363 -0.133421
108 -1.62174 -0.520103
109 0.0248481 0.00680625
110 -0.413643 -0.133511
111 -0.407935 -0.131684
112 -0.413987 -0.133621
113 -0.315967 -0.102255
114 -0.414256 -0.133707
115 -0.414192 -0.133687
116 -1.61767 -0.518799
117 0.0286967 0.00803783
118 -0.414409 -0.133756
119 -0.408834 -0.131972
120 -0.415011 -0.133949
121 -0.303041 -0.0981184
122 -0.415057 -0.133963
123 -0.414954 -0.13393
124 -1.61315 -0.517353
125 0.0324268 0.00923143
126 -0.415212 -0.582234
127 -0.409934 -0.132905
128 -0.416032 -0.134857
129 -0.290142 -0.0945718
130 -0.415878 -0.134807
131 -0.41571 -0.134754
132 -1.6083 -0.516383
133 0.0359063 0.00976359
134 -0.416027 -0.134855
135 -0.411163 -0.133298
136 -0.416859 -0.135121
137 -0.277196 -0.090429
138 -0.416609 -0.135041
139 -0.416468 -0.134996
140 -1.60346 -0.514833
141 0.0389311 0.0107315
142 -0.416682 -0.135065
143 -0.412366 -0.133683
144 -0.417749 -0.135406
145 -0.264303 -0.0863033
146 -0.417163 -0.135219
147 -0.417127 -0.135207
148 -1.59945 -0.513552
149 0.0415831 0.0115802
150 -0.417368 -0.135284
151 -0.413708 -0.134113
152 -0.418508 -0.135649
153 -0.251433 -0.082185
154 -0.417697 -0.135389
155 -0.417755 -0.135408
156 -1.5947 -0.51203
157 0.0436562 0.0122435
158 -0.417978 -0.135479
159 -0.415013 -0.134531
160 -0.419163 -0.135859
161 -0.238667 -0.0781
162 -0.418204 -0.135552
163 -0.418418 -0.13562
164 -1.59007 -0.510547
165 0.0453731 0.012793
166 -0.418648 -0.135694
167 -0.416266 -0.134932
168 -0.419533 -0.135977
169 -0.225896 -0.0740133
170 -0.41859 -0.135675
171 -0.419013 -0.135811
172 -1.58513 -0.508968
173 0.046555 0.0131712
174 -0.419172 -0.135861
175 -0.41722 -0.135237
176 -0.419786 -0.139212
177 -0.213133 -0.0705168
178 -0.418775 -0.136322
179 -0.41945 -0.136538
180 -1.5805 -0.508074
181 0.0476342 0.0129288
182 -0.419613 -0.13659
183 -0.41784 -0.136023
184 -0.419757 -0.136636
185 -0.200549 -0.0664897
186 -0.41899 -0.136391
187 -0.420002 -0.136715
188 -1.58912 -0.510831
189 -0.291463 -0.0955824
190 -0.420158 -0.136765
191 -0.418373 -0.136193
192 -0.420278 -0.136803
193 -0.381024 -0.124242
194 -0.420528 -0.136883
195 -0.420355 -0.136828
196 -1.57469 -0.506214
197 -0.290732 -0.0953485
198 -0.420509 -0.136877
199 -0.418781 -0.136324
200 -0.420791 -0.136967
201 -0.377618 -0.123152
202 -0.420837 -0.136982
203 -0.42073 -0.136948
204 -1.56104 -0.501845
205 -0.289994 -0.0951123
206 -0.420831 -0.13698
207 -0.419257 -0.136476
208 -0.421211 -0.137102
209 -0.374239 -0.122071
210 -0.421122 -0.137073
211 -0.42102 -0.137041
212 -1.54504 -0.496726
213 -0.289279 -0.0948835
214 -0.421113 -0.13707
215 -0.419732 -0.136628
216 -0.421514 -0.137199
217 -0.370788 -0.120966
218 -0.421327 -0.137139
219 -0.421256 -0.137116
220 -1.52925 -0.491675
221 -0.288588 -0.0946622
222 -0.421302 -0.137131
223 -0.42017 -0.136768
224 -0.421773 -0.137281
225 -0.367313 -0.119854
226 -0.421426 -0.191873
227 -0.421391 -0.137749
228 1.57313 0.500496
229 1.57313 0.500496
230 -0.421415 -0.137757
231 -0.420572 -0.137487
232 -0.421885 -0.137907
233 -0.363796 -0.119319
234 -0.421452 -0.137769
235 -0.42146 -0.137771
236 -1.49744 -0.482086
237 -0.287321 -0.094847
238 -0.421469 -0.137774
239 -0.420923 -0.137599
240 -0.421911 -0.137916
241 -0.360271 -0.118191
242 -0.421415 -0.137757
243 -0.421484 -0.137779
244 -1.48169 -0.477043
245 -0.286723 -0.0946554
246 -0.421459 -0.137771
247 -0.421159 -0.137675
248 -0.421798 -0.13788
249 -0.356754 -0.117065
250 -0.421276 -0.137712
251 -0.421424 -0.13776
252 -1.46357 -0.471247
253 -0.286275 -0.0945122
254 -0.421389 -0.137749
255 -0.421272 -0.137711
256 -0.421559 -0.137803
257 -0.353154 -0.115913
258 -0.421051 -0.13764
259 -0.421304 -0.137721
260 -1.44759 -0.466134
261 -0.285676 -0.0943204
262 -0.421212 -0.137692
263 -0.421164 -0.137676
264 -0.421156 -0.137674
265 -0.349526 -0.114752
266 -0.420763 -0.137548
267 1.57313 0.500496
268 -0.421057 -0.137642
269 -0.421033 -0.137635
270 -0.421033 -0.137635
271 -0.421037 -0.137636
272 0.00232903 -0.00215883
273 -0.42103 -0.137634
274 0.00232903 -0.00215883
275 0.00232903 -0.00215883
276 0.00232903 -0.00215557
277 -0.421028 -0.13763
278 0.00232903 -0.00215557
279 -0.421036 -0.137632
280 0.00232903 -0.00215557
281 0.00232903 -0.00215557
282 1.57313 0.500499
283 -0.421046 -0.137636
284 -0.421046 -0.137636
285 0.00232903 -0.00215557
286 -0.421106 -0.137655
287 0.00232903 -0.00215557
288 0.00232903 -0.00215557
289 1.57313 0.500499
290 -0.421128 -0.137662
291 -0.421152 -0.13767
292 -0.421178 -0.137678
293 -0.421184 -0.13768
294 1.57313 0.500499
295 -0.421171 -0.137676
296 0.00232903 -0.00215557
297 0.00232903 -0.00215557
298 1.57313 0.500499
299 -0.421131 -0.137663
300 -0.421125 -0.137661
301 -0.421107 -0.137655
302 1.57313 0.500499
303 1.57313 0.500499
304 1.57313 0.500499
305 -0.420999 -0.137621
306 -0.421002 -0.137621
307 1.57313 0.500499
308 -0.421006 -0.137623
309 -0.420991 -0.137618
310 -0.420956 -0.137607
311 -0.420915 -0.137594
312 -0.420884 -0.137584
313 -0.420851 -0.137573
314 -0.42082 -0.137563
315 -0.420786 -0.137552
316 -0.420719 -0.137531
317 -0.420685 -0.13752
318 -0.42065 -0.137509
319 -0.420615 -0.137498
320 -0.420578 -0.137486
321 -0.420538 -0.137473
322 -0.4205 -0.137461
323 -0.420422 -0.137436
324 1.57313 0.500499
325 1.57313 0.500499
326 -0.420313 -0.137401
327 -0.420297 -0.137396
328 1.57313 0.500499
329 -0.420285 -0.137392
330 -0.420273 -0.137388
331 -0.420245 -0.137939
332 0.487027 0.152359
333 0.00232903 -0.00274392
334 -0.420187 -0.137949
335 -0.420161 -0.137941
336 -0.420146 -0.137936
337 -0.420125 -0.137929
338 -0.420094 -0.137919
339 -0.420047 -0.137904
340 -0.420047 -0.137904
341 -0.419992 -0.137887
342 -0.419948 -0.137873
343 -0.419853 -0.137842
344 -0.419804 -0.137826
345 -0.419804 -0.137826
346 -0.419696 -0.137792
347 -0.419696 -0.137792
348 -0.419587 -0.137757
349 -0.419537 -0.137741
350 -0.419485 -0.137724
351 -0.419433 -0.137708
352 -0.419377 -0.13769
353 -0.419258 -0.137652
354 -0.419258 -0.137652
355 -0.422289 -0.138622
356 -0.419097 -0.1376
357 -0.419022 -0.137576
358 -0.413278 -0.135738
359 -0.418924 -0.137545
360 -0.3722 -0.122593
361 -0.418731 -0.137483
362 -0.418597 -0.13744
363 -0.920857 -0.298164
364 0.0616089 0.0162256
365 -0.418337 -0.137357
366 0.00232903 -0.00274392
367 0.00232903 -0.00274392
368 0.00232903 -0.00274392
369 -0.400729 -0.131722
370 -0.292533 -0.0970998
371 -0.370909 -0.12218
372 -0.417791 -0.137182
373 -0.415218 -0.136359
374 -0.730505 -0.237251
375 0.0453949 0.0110372
376 -0.29375 -0.0974891
377 -0.29433 -0.0976747
378 -0.413204 -0.135714
379 -0.402006 -0.132131
380 -0.414425 -0.136105
381 -0.416858 -0.136884
382 -0.369366 -0.121686
383 -0.41802 -0.137256
384 -0.411616 -0.135206
385 -0.917404 -0.804131
386 0.069342 0.0174159
387 -0.416147 -0.137941
388 -0.39529 -0.131267
389 -0.411129 -0.136335
390 -0.393157 -0.130584
391 -1.32151 -0.427655
392 -0.282883 -0.0952961
393 -0.367811 -0.122473
394 -0.416482 -0.138048
395 -0.406601 -0.134886
396 -0.411721 -0.136524
397 -0.413226 -0.137006
398 -0.414884 -0.137536
399 -0.394891 -0.131139
400 -0.414592 -0.137443
401 -0.41651 -0.138057
402 -0.414411 -0.137385
403 -0.414227 -0.137326
404 -0.408208 -0.1354
405 -0.413844 -0.137204
406 -0.365757 -0.121816
407 -0.413661 -0.137145
408 -0.279149 -0.0941012
409 -0.717208 -0.23428
410 0.0540707 0.0125291
411 -0.278751 -0.0939737
412 -0.280643 -0.0945793
413 -0.277025 -0.0934216
414 -0.273075 -0.0921574
415 -0.275749 -0.0930134
416 -0.278783 -0.0939841
417 -0.244219 -0.0829235
418 -0.278682 -0.0939517
419 -0.277106 -0.0934475
420 -0.71718 -0.234271
421 0.0567429 0.0133841
422 -0.279362 -0.0941693
423 -0.412628 -0.136815
424 -0.407353 -0.135127
425 -0.395728 -0.131406
426 -0.408295 -0.135428
427 -0.410944 -0.136276
428 -0.361878 -0.120574
429 -0.410697 -0.136196
430 -0.405299 -0.134469
431 -0.922704 -0.300039
432 0.0901575 0.0240768
433 -0.40979 -0.135906
434 -0.408444 -0.135476
435 -0.404552 -0.13423
436 -2.17474 -0.700691
437 -0.273879 1.22
438 -0.408965 -0.136026
439 -0.359573 -0.12022
440 -0.408565 -0.135898
441 -0.400595 -0.133348
442 -0.919783 -0.299488
443 0.0964979 0.0257223
444 -2.13316 -0.687768
445 -0.270796 -0.0918116
446 -0.402234 -0.133872
447 -0.375834 -0.125424
448 -0.406856 -0.135351
449 -0.402261 -0.13388
450 -0.357022 -0.119404
451 -0.406735 -0.135312
452 -2.13515 -0.688405
453 -0.704665 -0.23065
454 0.10469 0.0283437
455 -0.405564 -0.134937
456 -0.398883 -0.1328
457 -0.390661 -0.130169
458 -0.365427 -0.122094
459 -0.406091 -0.135106
460 -2.11031 -0.680457
461 -0.234969 -0.0803471
462 -0.404538 -0.134609
463 -0.390526 -0.130125
464 -0.915324 -0.298061
465 0.110512 0.0302069
466 -0.403516 -0.134282
467 -0.394478 -0.13139
468 -2.10611 -0.679113
469 -0.234155 -0.0800865
470 -0.404318 -0.134539
471 -0.401032 -0.133487
472 -0.351126 -0.117517
473 -0.383241 -0.127794
474 -0.385953 -0.128662
475 -0.914239 -0.297713
476 2.67181 0.849821
477 -0.265973 -0.0902685
478 -0.389895 -0.129923
479 -0.394979 -0.13155
480 -0.342617 -0.114794
481 -0.37912 -0.126476
482 -0.400108 -0.133192
483 -0.348916 -0.11681
484 -2.07664 -0.669681
485 -0.250442 -0.0852984
486 -0.398934 -0.281867
487 -0.396264 -0.13252
488 -0.397972 -0.133066
489 -0.370434 -0.124254
490 -0.398058 -0.133094
491 -0.397594 -0.132946
492 -2.06507 -0.666539
493 -0.261002 -0.0892362
494 -1.04509 -0.340144
495 -1.0386 -0.338068
496 -0.3958 -0.132371
497 -0.363923 -0.122171
498 -0.396164 -0.132488
499 -0.395614 -0.132312
500 -2.11735 -0.683267
501 -0.258074 -0.0882993
502 -0.343376 -0.115596
503 -0.391562 -0.131015
504 -0.342322 -0.115259
505 -0.357633 -0.120158
506 -0.34242 -0.11529
507 -0.393423 -0.131611
508 -2.10437 -0.679114
509 -0.255379 -0.0874367
510 -0.340588 -0.114704
511 -0.389328 -0.130301
512 -0.340114 -0.114552
513 -0.35151 -0.118199
514 -0.392927 -0.131452
515 -0.391037 -0.130847
516 -2.02748 -0.654508
517 -0.252396 -0.0864823
518 0.136829 0.0380699
519 0.136546 0.0379792
520 0.140006 0.0390864
521 0.125754 0.0345259
522 0.147949 0.0416282
523 0.153912 0.0435363
524 2.46271 0.782353
525 0.10607 0.0282268
526 0.174529 0.0501337
527 0.180535 0.0520556
528 0.18941 0.0548957
529 0.170529 0.0488538
530 0.2019 0.0588926
531 0.206503 0.0603653
532 -1.67868 -0.542893
533 -0.247461 -0.0849031
534 -0.386395 -0.129362
535 -0.383534 -0.128446
536 -0.934208 -0.304662
537 -0.85389 -0.27896
538 -0.92714 -0.3024
539 -0.92355 -0.298955
540 -1.70336 -0.552083
541 -0.680723 -0.22484
542 -0.914785 -0.29974
543 -0.909031 -0.297898
544 -0.910564 -0.298389
545 -0.823968 -0.270678
546 -0.904819 -0.296551
547 -0.901726 -0.295561
548 -1.70208 -0.551674
549 -0.656554 -0.217106
550 -0.38133 -0.129034
551 -0.379475 -0.12844
552 -0.381381 -0.129051
553 -0.875694 -0.28723
554 -1.04945 -0.342831
555 -0.326221 -0.111399
556 -1.6608 -0.538466
557 0.105085 0.0266186
558 -1.03569 -0.338428
559 -0.953268 -0.312054
560 -1.02954 -0.336462
561 -0.269132 -0.0931307
562 -1.02134 -0.333837
563 0.170795 0.0476459
564 -1.66093 -0.538506
565 -0.70866 -0.23378
566 -1.0062 -0.328991
567 -0.320091 -0.109438
568 -0.999169 -0.326743
569 0.141676 0.0383279
570 -0.99001 -0.323812
571 -0.940219 -0.307878
572 -1.90891 -0.617861
573 -0.198215 -0.0704374
574 -0.371802 -0.125985
575 0.173407 0.0484819
576 -1.02574 -0.335244
577 -0.827163 -0.271701
578 -0.370046 -0.125423
579 -0.315417 -0.107942
580 -1.88844 -0.611308
581 0.106055 0.0269292
582 -0.368103 -0.124802
583 -0.368117 -0.124806
584 -0.368122 -0.124808
585 -0.296132 -0.101771
586 -0.366974 -0.12444
587 -0.312177 -0.106905
588 2.13488 1.22
589 0.118221 0.0338112
590 0.189415 0.0565933
591 -0.957826 -0.310524
592 0.191608 0.0572949
593 -0.245142 -0.082465
594 0.192213 0.0574887
595 0.193128 0.0577813
596 0.194301 0.0581568
597 -0.951885 -0.308623
598 0.196136 0.0587437
599 -0.306844 -0.10221
600 0.00232903 -0.00327436
601 0.195479 0.0585337
602 0.00232903 -0.00327436
603 0.00232903 -0.00327436
604 0.00232903 -0.00327436
605 -0.304648 -0.101507
606 0.00232903 -0.00327436
607 0.196597 0.0588915
608 0.00232903 -0.00327436
609 0.00232903 -0.00327436
610 0.16521 0.0488477
611 0.00232903 -0.00327436
612 -0.364377 -0.12062
613 0.00232903 -0.00327436
614 0.00232903 -0.00327436
615 -0.927962 -0.300968
616 -0.355632 -0.117822
617 -0.355632 -0.117822
618 -0.355114 -0.117656
619 -0.354616 -0.117497
620 -0.354089 -0.117328
621 0.212479 0.0639738
622 -0.353582 -0.117166
623 0.00232903 -0.00327436
624 0.00232903 -0.00327436
625 -0.295753 -0.0986607
626 -0.352 -0.11666
627 0.215361 0.0648959
628 -0.351012 -0.116344
629 -0.952418 -0.308793
630 -0.350061 -0.116039
631 -0.293621 -0.0979784
632 -0.349454 -0.115845
633 0.218295 0.0658347
634 -0.348273 -0.115467
635 -0.946214 -0.306808
636 -0.34767 -0.115274
637 -0.290414 -0.0969523
638 -0.346682 -0.171711
639 0.217754 0.0651764
640 -0.346128 -0.115266
641 -0.939611 -0.305181
642 -1.00434 -0.325895
643 -0.287577 -0.0965297
644 -0.344542 -0.114758
645 0.218273 0.0653425
646 -0.341715 -0.113854
647 -0.930391 -0.30223
648 -0.342629 -0.114146
649 -0.285124 -0.0957447
650 -0.341714 -0.113854
651 -0.341168 -0.113679
652 -0.341168 -0.113679
653 -0.340717 -0.113534
654 -0.340213 -0.113373
655 -0.339655 -0.113195
656 -0.320137 -0.106949
657 -0.320837 -0.107173
658 0.00232903 -0.00375971
659 0.00232903 -0.00375971
660 1.57313 0.498895
661 -nan -nan
662 -0.336623 -nan
